2002
2013
2013
2013
2013
2013
2004
2004
2004
2004
2004
2011
2011
2011
2011
2011
2011
2003
2003
2003
2003
2003
1997
1997
1997
1997
1997
2008
2008
2008
2008
2008
2008
2008
2008
2008
2008
2008
2006
2006
2006
2006
2006
2007
2007
2007
2007
2007
2007
2014
2014
2014
2014
2014
2001
2001
2001
2001
2001
2012
2012
2012
2012
2012
2012
1998
1998
1998
1998
1998
2005
2005
2005
2005
2005
2003
2003
2003
2003
2003
2003
2007
2007
2007
2007
2007
2002
2002
2002
2002
2002
2021
2021
2021
2021
2021
2021
2003
2003
2003
2003
2003
2003
2003
2003
2003
2003
2010
2010
2010
2010
2010
2010
2005
2005
2005
2005
2005
2013
2013
2013
2013
2013
2009
2009
2009
2009
2009
2009
1994
1994
1994
1994
1994
2012
2012
2012
2012
2012
1997
1997
1997
1997
1997
1997
2014
2014
2014
2014
2014
1987
1987
1987
1987
1987
2002
2002
2002
2002
2002
2002
1994
1994
1994
1994
1994
2008
2008
2008
2008
2008
1999
1999
1999
1999
1999
1999
2005
2005
2005
2005
2005
2002
2002
2002
2002
2002
2002
2002
2002
2002
2002
2002
2000
2000
2000
2000
2000
1993
1993
1993
1993
1993
2005
2005
2005
2005
2005
2005
2010
2010
2010
2010
2010
2015
2015
2015
2015
2015
2009
2009
2009
2009
2009
2009
2005
2005
2005
2005
2005
1997
1997
1997
1997
1997
2015
2015
2015
2015
2015
2015
1999
1999
1999
1999
1999
2012
2012
2012
2012
2012
2006
2006
2006
2006
2006
2006
2011
2011
2011
2011
2011
2000
2000
2000
2000
2000
2010
2010
2010
2010
2010
2010
2001
2001
2001
2001
2001
2019
2019
2019
2019
2019
2014
2014
2014
2014
2014
2014
2002
2002
2002
2002
2002
2016
2016
2016
2016
2016
2011
2011
2011
2011
2011
2011
2000
2000
2000
2000
2000
2019
2019
2019
2019
2019
2008
2008
2008
2008
2008
2008
1999
1999
1999
1999
1999
2003
2003
2003
2003
2003
2008
2008
2008
2008
2008
2008
1999
1999
1999
1999
1999
2010
2010
2010
2010
2010
2008
2008
2008
2008
2008
2008
2012
2012
2012
2012
2012
2009
2009
2009
2009
2009
2009
2009
2009
2009
2009
2009
2009
2009
2009
2009
2009
2012
2012
2012
2012
2012
2001
2001
2001
2001
2001
2001
2002
2002
2002
2002
2002
2009
2009
2009
2009
2009
2007
2007
2007
2007
2007
2007
2004
2004
2004
2004
2004
2007
2007
2007
2007
2007
2015
2015
2015
2015
2015
2015
2001
2001
2001
2001
2001
2006
2006
2006
2006
2006
2017
2017
2017
2017
2017
2017
1994
1994
1994
1994
1994
2014
2014
2014
2014
2014
2015
2015
2015
2015
2015
2015
1997
1997
1997
1997
1997
2002
2002
2002
2002
2002
2001
2001
2001
2001
2001
2001
2002
2002
2002
2002
2002
1990
1990
1990
1990
1990
2011
2011
2011
2011
2011
2011
1995
1995
1995
1995
1995
2009
2009
2009
2009
2009
1993
1993
1993
1993
1993
1993
2006
2006
2006
2006
2006
1994
1994
1994
1994
1994
1998
1998
1998
1998
1998
1998
2002
2002
2002
2002
2002
1985
1985
1985
1985
1985
1996
1996
1996
1996
1996
1996
1994
1994
1994
1994
1994
2002
2002
2002
2002
2002
1995
1995
1995
1995
1995
1995
2010
2010
2010
2010
2010
2011
2011
2011
2011
2011
2005
2005
2005
2005
2005
2005
2013
2013
2013
2013
2013
2011
2011
2011
2011
2011
2024
2024
2024
2024
2024
2024
2029
2029
2029
2029
2029
2037
2037
2037
2037
2037
2036
2036
2036
2036
2036
2036
2030
2030
2030
2030
2030
2042
2042
2042
2042
2042
2032
2032
2032
2032
2032
2032
2029
2029
2029
2029
2029
2031
2031
2031
2031
2031
2025
2025
2025
2025
2025
2025
2014
2014
2014
2014
2014
2013
2013
2013
2013
2013
2020
2020
2020
2020
2020
2020
2006
2006
2006
2006
2006
2018
2018
2018
2018
2018
2019
2019
2019
2019
2019
2019
2002
2002
2002
2002
2002
1990
1990
1990
1990
1990
1977
1977
1977
1977
1977
1977
1972
1972
1972
1972
1972
1958
1958
1958
1958
1958
1941
1941
1941
1941
1941
1941
1949
1949
1949
1949
1949
1924
1924
1924
1924
1924
1918
1918
1918
1918
1918
1918
1926
1926
1926
1926
1926
1925
1925
1925
1925
1925
1934
1934
1934
1934
1934
1934
1926
1926
1926
1926
1926
1957
1957
1957
1957
1957
1961
1961
1961
1961
1961
1961
1984
1984
1984
1984
1984
1974
1974
1974
1974
1974
2000
2000
2000
2000
2000
2000
2002
2002
2002
2002
2002
2019
2019
2019
2019
2019
2018
2018
2018
2018
2018
2018
2024
2024
2024
2024
2024
2017
2017
2017
2017
2017
2004
2004
2004
2004
2004
2004
2018
2018
2018
2018
2018
2003
2003
2003
2003
2003
2005
2005
2005
2005
2005
2005
2027
2027
2027
2027
2027
2009
2009
2009
2009
2009
2002
2002
2002
2002
2002
2002
1996
1996
1996
1996
1996
2019
2019
2019
2019
2019
2024
2024
2024
2024
2024
2024
2011
2011
2011
2011
2011
2021
2021
2021
2021
2021
2026
2026
2026
2026
2026
2026
2016
2016
2016
2016
2016
2012
2012
2012
2012
2012
2012
2012
2012
2012
2012
2012
2023
2023
2023
2023
2023
1996
1996
1996
1996
1996
1998
1998
1998
1998
1998
1998
1982
1982
1982
1982
1982
1989
1989
1989
1989
1989
1973
1973
1973
1973
1973
1973
1972
1972
1972
1972
1972
1958
1958
1958
1958
1958
1969
1969
1969
1969
1969
1969
1951
1951
1951
1951
1951
1961
1961
1961
1961
1961
1957
1957
1957
1957
1957
1957
1976
1976
1976
1976
1976
1982
1982
1982
1982
1982
1976
1976
1976
1976
1976
1976
1997
1997
1997
1997
1997
2008
2008
2008
2008
2008
2012
2012
2012
2012
2012
2012
2021
2021
2021
2021
2021
2015
2015
2015
2015
2015
2023
2023
2023
2023
2023
2023
2023
2023
2023
2023
2023
2015
2015
2015
2015
2015
2015
2015
2015
2015
2015
2015
2017
2017
2017
2017
2017
1996
1996
1996
1996
1996
1998
1998
1998
1998
1998
1998
1995
1995
1995
1995
1995
1992
1992
1992
1992
1992
1979
1979
1979
1979
1979
1979
1979
1979
1979
1979
1979
1987
1987
1987
1987
1987
1995
1995
1995
1995
1995
1995
1989
1989
1989
1989
1989
1997
1997
1997
1997
1997
2009
2009
2009
2009
2009
2009
1992
1992
1992
1992
1992
2024
2024
2024
2024
2024
2024
2024
2024
2024
2024
2024
2024
2024
2024
2024
2024
2037
2037
2037
2037
2037
2020
2020
2020
2020
2020
2020
2029
2029
2029
2029
2029
2026
2026
2026
2026
2026
2003
2003
2003
2003
2003
2003
1995
1995
1995
1995
1995
1981
1981
1981
1981
1981
1979
1979
1979
1979
1979
1979
1950
1950
1950
1950
1950
1937
1937
1937
1937
1937
1936
1936
1936
1936
1936
1936
1955
1955
1955
1955
1955
1962
1962
1962
1962
1962
1976
1976
1976
1976
1976
1976
2014
2014
2014
2014
2014
2055
2055
2055
2055
2055
2091
2091
2091
2091
2091
2091
2115
2115
2115
2115
2115
2144
2144
2144
2144
2144
2155
2155
2155
2155
2155
2155
2166
2166
2166
2166
2166
2160
2160
2160
2160
2160
2166
2166
2166
2166
2166
2166
2142
2142
2142
2142
2142
2128
2128
2128
2128
2128
2102
2102
2102
2102
2102
2102
2071
2071
2071
2071
2071
2042
2042
2042
2042
2042
2016
2016
2016
2016
2016
2016
1985
1985
1985
1985
1985
1962
1962
1962
1962
1962
1940
1940
1940
1940
1940
1940
1936
1936
1936
1936
1936
1921
1921
1921
1921
1921
1901
1901
1901
1901
1901
1901
1885
1885
1885
1885
1885
1877
1877
1877
1877
1877
1880
1880
1880
1880
1880
1880
1861
1861
1861
1861
1861
1865
1865
1865
1865
1865
1869
1869
1869
1869
1869
1869
1885
1885
1885
1885
1885
1886
1886
1886
1886
1886
1925
1925
1925
1925
1925
1925
1933
1933
1933
1933
1933
1952
1952
1952
1952
1952
1977
1977
1977
1977
1977
1977
1996
1996
1996
1996
1996
2036
2036
2036
2036
2036
2066
2066
2066
2066
2066
2066
2093
2093
2093
2093
2093
2130
2130
2130
2130
2130
2167
2167
2167
2167
2167
2167
2220
2220
2220
2220
2220
2249
2249
2249
2249
2249
2262
2262
2262
2262
2262
2262
2284
2284
2284
2284
2284
2272
2272
2272
2272
2272
2275
2275
2275
2275
2275
2275
2235
2235
2235
2235
2235
2224
2224
2224
2224
2224
2196
2196
2196
2196
2196
2196
2163
2163
2163
2163
2163
2161
2161
2161
2161
2161
2132
2132
2132
2132
2132
2132
2125
2125
2125
2125
2125
2111
2111
2111
2111
2111
2107
2107
2107
2107
2107
2107
2109
2109
2109
2109
2109
2092
2092
2092
2092
2092
2077
2077
2077
2077
2077
2077
2084
2084
2084
2084
2084
2080
2080
2080
2080
2080
2063
2063
2063
2063
2063
2063
2067
2067
2067
2067
2067
2054
2054
2054
2054
2054
2057
2057
2057
2057
2057
2057
2051
2051
2051
2051
2051
2046
2046
2046
2046
2046
2053
2053
2053
2053
2053
2053
2053
2053
2053
2053
2053
2077
2077
2077
2077
2077
2083
2083
2083
2083
2083
2083
2100
2100
2100
2100
2100
2133
2133
2133
2133
2133
2143
2143
2143
2143
2143
2143
2147
2147
2147
2147
2147
2179
2179
2179
2179
2179
2199
2199
2199
2199
2199
2199
2228
2228
2228
2228
2228
2253
2253
2253
2253
2253
2296
2296
2296
2296
2296
2296
2310
2310
2310
2310
2310
2363
2363
2363
2363
2363
2370
2370
2370
2370
2370
2370
2400
2400
2400
2400
2400
2433
2433
2433
2433
2433
2467
2467
2467
2467
2467
2467
2480
2480
2480
2480
2480
2526
2526
2526
2526
2526
2535
2535
2535
2535
2535
2535
2586
2586
2586
2586
2586
2595
2595
2595
2595
2595
2590
2590
2590
2590
2590
2590
2581
2581
2581
2581
2581
2536
2536
2536
2536
2536
2487
2487
2487
2487
2487
2487
2410
2410
2410
2410
2410
2339
2339
2339
2339
2339
2275
2275
2275
2275
2275
2275
2231
2231
2231
2231
2231
2202
2202
2202
2202
2202
2185
2185
2185
2185
2185
2185
2208
2208
2208
2208
2208
2164
2164
2164
2164
2164
2127
2127
2127
2127
2127
2127
2033
2033
2033
2033
2033
1878
1878
1878
1878
1878
1716
1716
1716
1716
1716
1716
1518
1518
1518
1518
1518
1378
1378
1378
1378
1378
1276
1276
1276
1276
1276
1276
1225
1225
1225
1225
1225
1201
1201
1201
1201
1201
1221
1221
1221
1221
1221
1221
1262
1262
1262
1262
1262
1313
1313
1313
1313
1313
1361
1361
1361
1361
1361
1361
1430
1430
1430
1430
1430
1517
1517
1517
1517
1517
1612
1612
1612
1612
1612
1612
1725
1725
1725
1725
1725
1834
1834
1834
1834
1834
1988
1988
1988
1988
1988
1988
2168
2168
2168
2168
2168
2335
2335
2335
2335
2335
2486
2486
2486
2486
2486
2486
2607
2607
2607
2607
2607
2750
2750
2750
2750
2750
2909
2909
2909
2909
2909
2909
3071
3071
3071
3071
3071
3311
3311
3311
3311
3311
3595
3595
3595
3595
3595
3595
3935
3935
3935
3935
3935
4095
4095
4095
4095
4095
4095
4095
4095
4095
4095
4095
4095
4095
4095
4095
4095
4095
4095
4095
4095
4095
4095
4095
4095
4095
4095
4095
4095
4095
4095
4095
4095
4095
4095
4095
4095
4095
4095
4095
4095
4095
4095
4095
3631
3631
3631
3631
3631
3086
3086
3086
3086
3086
2599
2599
2599
2599
2599
2599
2170
2170
2170
2170
2170
1846
1846
1846
1846
1846
1556
1556
1556
1556
1556
1556
1341
1341
1341
1341
1341
1176
1176
1176
1176
1176
1067
1067
1067
1067
1067
1067
988
988
988
988
988
935
935
935
935
935
895
895
895
895
895
895
876
876
876
876
876
853
853
853
853
853
838
838
838
838
838
838
836
836
836
836
836
820
820
820
820
820
822
822
822
822
822
822
819
819
819
819
819
820
820
820
820
820
819
819
819
819
819
819
839
839
839
839
839
846
846
846
846
846
863
863
863
863
863
863
900
900
900
900
900
942
942
942
942
942
1020
1020
1020
1020
1020
1020
1176
1176
1176
1176
1176
1457
1457
1457
1457
1457
1851
1851
1851
1851
1851
1851
2335
2335
2335
2335
2335
2866
2866
2866
2866
2866
3441
3441
3441
3441
3441
3441
4059
4059
4059
4059
4059
4095
4095
4095
4095
4095
4095
4095
4095
4095
4095
4095
4095
4095
4095
4095
4095
4095
4095
4095
4095
4095
4095
4095
4095
4095
4095
4095
4095
4095
4095
4095
4095
4095
4095
4095
4095
4095
4095
4095
4095
4095
4095
4095
4095
4095
4095
4095
4095
4095
4095
4095
4095
4095
4095
4095
4095
4095
4095
4095
4095
4095
4095
4095
4095
3701
3701
3701
3701
3701
2964
2964
2964
2964
2964
2964
2260
2260
2260
2260
2260
1664
1664
1664
1664
1664
1238
1238
1238
1238
1238
1238
1032
1032
1032
1032
1032
931
931
931
931
931
883
883
883
883
883
883
862
862
862
862
862
845
845
845
845
845
830
830
830
830
830
830
831
831
831
831
831
832
832
832
832
832
840
840
840
840
840
840
852
852
852
852
852
866
866
866
866
866
898
898
898
898
898
898
944
944
944
944
944
1053
1053
1053
1053
1053
1269
1269
1269
1269
1269
1269
1672
1672
1672
1672
1672
2188
2188
2188
2188
2188
2777
2777
2777
2777
2777
2777
3372
3372
3372
3372
3372
3908
3908
3908
3908
3908
4095
4095
4095
4095
4095
4095
4095
4095
4095
4095
4095
4095
4095
4095
4095
4095
4095
4095
4095
4095
4095
4095
4095
4095
4095
4095
4095
4095
4095
4095
4095
4095
4095
4095
4095
4095
4095
4095
3675
3675
3675
3675
3675
3160
3160
3160
3160
3160
2630
2630
2630
2630
2630
2630
2131
2131
2131
2131
2131
1681
1681
1681
1681
1681
1338
1338
1338
1338
1338
1338
1127
1127
1127
1127
1127
1031
1031
1031
1031
1031
982
982
982
982
982
982
960
960
960
960
960
959
959
959
959
959
974
974
974
974
974
974
1008
1008
1008
1008
1008
1075
1075
1075
1075
1075
1193
1193
1193
1193
1193
1193
1400
1400
1400
1400
1400
1684
1684
1684
1684
1684
1998
1998
1998
1998
1998
1998
2320
2320
2320
2320
2320
2621
2621
2621
2621
2621
2881
2881
2881
2881
2881
2881
3062
3062
3062
3062
3062
3169
3169
3169
3169
3169
3226
3226
3226
3226
3226
3226
3203
3203
3203
3203
3203
3123
3123
3123
3123
3123
3000
3000
3000
3000
3000
3000
2830
2830
2830
2830
2830
2641
2641
2641
2641
2641
2436
2436
2436
2436
2436
2436
2227
2227
2227
2227
2227
2012
2012
2012
2012
2012
1835
1835
1835
1835
1835
1835
1674
1674
1674
1674
1674
1554
1554
1554
1554
1554
1471
1471
1471
1471
1471
1471
1415
1415
1415
1415
1415
1384
1384
1384
1384
1384
1387
1387
1387
1387
1387
1387
1402
1402
1402
1402
1402
1441
1441
1441
1441
1441
1509
1509
1509
1509
1509
1509
1587
1587
1587
1587
1587
1709
1709
1709
1709
1709
1858
1858
1858
1858
1858
1858
2066
2066
2066
2066
2066
2309
2309
2309
2309
2309
2555
2555
2555
2555
2555
2555
2816
2816
2816
2816
2816
3050
3050
3050
3050
3050
3257
3257
3257
3257
3257
3257
3387
3387
3387
3387
3387
3458
3458
3458
3458
3458
3461
3461
3461
3461
3461
3461
3386
3386
3386
3386
3386
3235
3235
3235
3235
3235
3038
3038
3038
3038
3038
3038
2784
2784
2784
2784
2784
2495
2495
2495
2495
2495
2195
2195
2195
2195
2195
2195
1891
1891
1891
1891
1891
1603
1603
1603
1603
1603
1392
1392
1392
1392
1392
1392
1220
1220
1220
1220
1220
1122
1122
1122
1122
1122
1067
1067
1067
1067
1067
1067
1043
1043
1043
1043
1043
1029
1029
1029
1029
1029
1037
1037
1037
1037
1037
1037
1054
1054
1054
1054
1054
1088
1088
1088
1088
1088
1143
1143
1143
1143
1143
1143
1211
1211
1211
1211
1211
1318
1318
1318
1318
1318
1462
1462
1462
1462
1462
1462
1630
1630
1630
1630
1630
1827
1827
1827
1827
1827
2035
2035
2035
2035
2035
2035
2235
2235
2235
2235
2235
2410
2410
2410
2410
2410
2551
2551
2551
2551
2551
2551
2645
2645
2645
2645
2645
2702
2702
2702
2702
2702
2725
2725
2725
2725
2725
2725
2712
2712
2712
2712
2712
2676
2676
2676
2676
2676
2611
2611
2611
2611
2611
2611
2546
2546
2546
2546
2546
2447
2447
2447
2447
2447
2364
2364
2364
2364
2364
2364
2269
2269
2269
2269
2269
2212
2212
2212
2212
2212
2158
2158
2158
2158
2158
2158
2115
2115
2115
2115
2115
2082
2082
2082
2082
2082
2065
2065
2065
2065
2065
2065
2040
2040
2040
2040
2040
2020
2020
2020
2020
2020
2003
2003
2003
2003
2003
2003
1969
1969
1969
1969
1969
1956
1956
1956
1956
1956
1936
1936
1936
1936
1936
1936
1913
1913
1913
1913
1913
1906
1906
1906
1906
1906
1907
1907
1907
1907
1907
1907
1907
1907
1907
1907
1907
1933
1933
1933
1933
1933
1958
1958
1958
1958
1958
1958
1997
1997
1997
1997
1997
2031
2031
2031
2031
2031
2059
2059
2059
2059
2059
2059
2079
2079
2079
2079
2079
2091
2091
2091
2091
2091
2068
2068
2068
2068
2068
2068
2028
2028
2028
2028
2028
1979
1979
1979
1979
1979
1904
1904
1904
1904
1904
1904
1846
1846
1846
1846
1846
1772
1772
1772
1772
1772
1721
1721
1721
1721
1721
1721
1688
1688
1688
1688
1688
1685
1685
1685
1685
1685
1704
1704
1704
1704
1704
1704
1737
1737
1737
1737
1737
1779
1779
1779
1779
1779
1844
1844
1844
1844
1844
1844
1906
1906
1906
1906
1906
1978
1978
1978
1978
1978
2040
2040
2040
2040
2040
2040
2117
2117
2117
2117
2117
2179
2179
2179
2179
2179
2239
2239
2239
2239
2239
2239
2303
2303
2303
2303
2303
2345
2345
2345
2345
2345
2384
2384
2384
2384
2384
2384
2385
2385
2385
2385
2385
2366
2366
2366
2366
2366
2343
2343
2343
2343
2343
2343
2307
2307
2307
2307
2307
2249
2249
2249
2249
2249
2180
2180
2180
2180
2180
2180
2110
2110
2110
2110
2110
2035
2035
2035
2035
2035
1974
1974
1974
1974
1974
1974
1904
1904
1904
1904
1904
1853
1853
1853
1853
1853
1804
1804
1804
1804
1804
1804
1765
1765
1765
1765
1765
1716
1716
1716
1716
1716
1701
1701
1701
1701
1701
1701
1696
1696
1696
1696
1696
1710
1710
1710
1710
1710
1743
1743
1743
1743
1743
1743
1799
1799
1799
1799
1799
1856
1856
1856
1856
1856
1928
1928
1928
1928
1928
1928
2000
2000
2000
2000
2000
2069
2069
2069
2069
2069
2122
2122
2122
2122
2122
2122
2167
2167
2167
2167
2167
2196
2196
2196
2196
2196
2208
2208
2208
2208
2208
2208
2226
2226
2226
2226
2226
2236
2236
2236
2236
2236
2243
2243
2243
2243
2243
2243
2237
2237
2237
2237
2237
2220
2220
2220
2220
2220
2203
2203
2203
2203
2203
2203
2163
2163
2163
2163
2163
2129
2129
2129
2129
2129
2092
2092
2092
2092
2092
2092
2027
2027
2027
2027
2027
2006
2006
2006
2006
2006
1944
1944
1944
1944
1944
1944
1921
1921
1921
1921
1921
1907
1907
1907
1907
1907
1900
1900
1900
1900
1900
1900
1916
1916
1916
1916
1916
1932
1932
1932
1932
1932
1959
1959
1959
1959
1959
1959
1982
1982
1982
1982
1982
2012
2012
2012
2012
2012
2036
2036
2036
2036
2036
2036
2062
2062
2062
2062
2062
2085
2085
2085
2085
2085
2105
2105
2105
2105
2105
2105
2115
2115
2115
2115
2115
2119
2119
2119
2119
2119
2167
2167
2167
2167
2167
2167
2156
2156
2156
2156
2156
2169
2169
2169
2169
2169
2155
2155
2155
2155
2155
2155
2152
2152
2152
2152
2152
2132
2132
2132
2132
2132
2071
2071
2071
2071
2071
2071
2029
2029
2029
2029
2029
1961
1961
1961
1961
1961
1909
1909
1909
1909
1909
1909
1866
1866
1866
1866
1866
1826
1826
1826
1826
1826
1800
1800
1800
1800
1800
1800
1772
1772
1772
1772
1772
1769
1769
1769
1769
1769
1776
1776
1776
1776
1776
1776
1775
1775
1775
1775
1775
1788
1788
1788
1788
1788
1807
1807
1807
1807
1807
1807
1830
1830
1830
1830
1830
1844
1844
1844
1844
1844
1859
1859
1859
1859
1859
1859
1896
1896
1896
1896
1896
1919
1919
1919
1919
1919
1948
1948
1948
1948
1948
1948
1973
1973
1973
1973
1973
1989
1989
1989
1989
1989
2012
2012
2012
2012
2012
2012
2028
2028
2028
2028
2028
2051
2051
2051
2051
2051
2079
2079
2079
2079
2079
2079
2134
2134
2134
2134
2134
2166
2166
2166
2166
2166
2180
2180
2180
2180
2180
2180
2227
2227
2227
2227
2227
2247
2247
2247
2247
2247
2267
2267
2267
2267
2267
2267
2270
2270
2270
2270
2270
2233
2233
2233
2233
2233
2210
2210
2210
2210
2210
2210
2159
2159
2159
2159
2159
2133
2133
2133
2133
2133
2090
2090
2090
2090
2090
2090
2043
2043
2043
2043
2043
1991
1991
1991
1991
1991
1970
1970
1970
1970
1970
1970
1935
1935
1935
1935
1935
1888
1888
1888
1888
1888
1872
1872
1872
1872
1872
1872
1847
1847
1847
1847
1847
1820
1820
1820
1820
1820
1815
1815
1815
1815
1815
1815
1826
1826
1826
1826
1826
1840
1840
1840
1840
1840
1843
1843
1843
1843
1843
1843
1857
1857
1857
1857
1857
1892
1892
1892
1892
1892
1923
1923
1923
1923
1923
1923
1947
1947
1947
1947
1947
1977
1977
1977
1977
1977
2001
2001
2001
2001
2001
2001
2024
2024
2024
2024
2024
2043
2043
2043
2043
2043
2062
2062
2062
2062
2062
2062
2076
2076
2076
2076
2076
2099
2099
2099
2099
2099
2108
2108
2108
2108
2108
2108
2122
2122
2122
2122
2122
2131
2131
2131
2131
2131
2142
2142
2142
2142
2142
2142
2147
2147
2147
2147
2147
2126
2126
2126
2126
2126
2140
2140
2140
2140
2140
2140
2117
2117
2117
2117
2117
2101
2101
2101
2101
2101
2084
2084
2084
2084
2084
2084
2053
2053
2053
2053
2053
2041
2041
2041
2041
2041
2004
2004
2004
2004
2004
2004
1980
1980
1980
1980
1980
1950
1950
1950
1950
1950
1923
1923
1923
1923
1923
1923
1907
1907
1907
1907
1907
1902
1902
1902
1902
1902
1895
1895
1895
1895
1895
1895
1899
1899
1899
1899
1899
1896
1896
1896
1896
1896
1897
1897
1897
1897
1897
1897
1907
1907
1907
1907
1907
1936
1936
1936
1936
1936
1953
1953
1953
1953
1953
1953
1986
1986
1986
1986
1986
2002
2002
2002
2002
2002
2017
2017
2017
2017
2017
2017
2048
2048
2048
2048
2048
2037
2037
2037
2037
2037
2058
2058
2058
2058
2058
2058
2070
2070
2070
2070
2070
2076
2076
2076
2076
2076
2080
2080
2080
2080
2080
2080
2082
2082
2082
2082
2082
2092
2092
2092
2092
2092
2078
2078
2078
2078
2078
2078
2075
2075
2075
2075
2075
2067
2067
2067
2067
2067
2053
2053
2053
2053
2053
2053
2028
2028
2028
2028
2028
2019
2019
2019
2019
2019
1991
1991
1991
1991
1991
1991
1996
1996
1996
1996
1996
1998
1998
1998
1998
1998
1971
1971
1971
1971
1971
1971
1962
1962
1962
1962
1962
1973
1973
1973
1973
1973
1958
1958
1958
1958
1958
1958
1973
1973
1973
1973
1973
1975
1975
1975
1975
1975
1959
1959
1959
1959
1959
1959
1953
1953
1953
1953
1953
1947
1947
1947
1947
1947
1947
1947
1947
1947
1947
1947
1959
1959
1959
1959
1959
1953
1953
1953
1953
1953
1968
1968
1968
1968
1968
1968
2004
2004
2004
2004
2004
2022
2022
2022
2022
2022
2034
2034
2034
2034
2034
2034
2047
2047
2047
2047
2047
2070
2070
2070
2070
2070
2089
2089
2089
2089
2089
2089
2092
2092
2092
2092
2092
2083
2083
2083
2083
2083
2081
2081
2081
2081
2081
2081
2083
2083
2083
2083
2083
2088
2088
2088
2088
2088
2067
2067
2067
2067
2067
2067
2051
2051
2051
2051
2051
2045
2045
2045
2045
2045
2024
2024
2024
2024
2024
2024
2012
2012
2012
2012
2012
1995
1995
1995
1995
1995
1995
1995
1995
1995
1995
1995
1999
1999
1999
1999
1999
1991
1991
1991
1991
1991
1995
1995
1995
1995
1995
1995
2003
2003
2003
2003
2003
2015
2015
2015
2015
2015
2016
2016
2016
2016
2016
2016
2007
2007
2007
2007
2007
2015
2015
2015
2015
2015
2005
2005
2005
2005
2005
2005
2010
2010
2010
2010
2010
1995
1995
1995
1995
1995
1993
1993
1993
1993
1993
1993
1988
1988
1988
1988
1988
1997
1997
1997
1997
1997
1986
1986
1986
1986
1986
1986
1992
1992
1992
1992
1992
1990
1990
1990
1990
1990
1989
1989
1989
1989
1989
1989
1975
1975
1975
1975
1975
1994
1994
1994
1994
1994
1984
1984
1984
1984
1984
1984
1984
1984
1984
1984
1984
1971
1971
1971
1971
1971
1990
1990
1990
1990
1990
1990
1984
1984
1984
1984
1984
2008
2008
2008
2008
2008
2020
2020
2020
2020
2020
2020
2014
2014
2014
2014
2014
2027
2027
2027
2027
2027
2033
2033
2033
2033
2033
2033
2028
2028
2028
2028
2028
2041
2041
2041
2041
2041
2060
2060
2060
2060
2060
2060
2043
2043
2043
2043
2043
2049
2049
2049
2049
2049
2037
2037
2037
2037
2037
2037
2042
2042
2042
2042
2042
2047
2047
2047
2047
2047
2036
2036
2036
2036
2036
2036
2030
2030
2030
2030
2030
2019
2019
2019
2019
2019
2003
2003
2003
2003
2003
2003
2012
2012
2012
2012
2012
2010
2010
2010
2010
2010
2005
2005
2005
2005
2005
2005
2002
2002
2002
2002
2002
2004
2004
2004
2004
2004
2018
2018
2018
2018
2018
2018
2006
2006
2006
2006
2006
2021
2021
2021
2021
2021
2022
2022
2022
2022
2022
2022
2019
2019
2019
2019
2019
2020
2020
2020
2020
2020
2005
2005
2005
2005
2005
2005
2021
2021
2021
2021
2021
2001
2001
2001
2001
2001
2015
2015
2015
2015
2015
2015
2000
2000
2000
2000
2000
2032
2032
2032
2032
2032
2027
2027
2027
2027
2027
2027
2049
2049
2049
2049
2049
2056
2056
2056
2056
2056
2069
2069
2069
2069
2069
2069
2066
2066
2066
2066
2066
2084
2084
2084
2084
2084
2070
2070
2070
2070
2070
2070
2086
2086
2086
2086
2086
2076
2076
2076
2076
2076
2086
2086
2086
2086
2086
2086
2075
2075
2075
2075
2075
2060
2060
2060
2060
2060
2055
2055
2055
2055
2055
2055
2026
2026
2026
2026
2026
2025
2025
2025
2025
2025
2005
2005
2005
2005
2005
2005
1999
1999
1999
1999
1999
1994
1994
1994
1994
1994
1987
1987
1987
1987
1987
1987
1979
1979
1979
1979
1979
1975
1975
1975
1975
1975
1978
1978
1978
1978
1978
1978
1980
1980
1980
1980
1980
2006
2006
2006
2006
2006
1998
1998
1998
1998
1998
1998
2001
2001
2001
2001
2001
2009
2009
2009
2009
2009
2028
2028
2028
2028
2028
2028
2018
2018
2018
2018
2018
2038
2038
2038
2038
2038
2045
2045
2045
2045
2045
2045
2044
2044
2044
2044
2044
2041
2041
2041
2041
2041
2037
2037
2037
2037
2037
2037
2036
2036
2036
2036
2036
2034
2034
2034
2034
2034
2015
2015
2015
2015
2015
2015
2016
2016
2016
2016
2016
2004
2004
2004
2004
2004
1987
1987
1987
1987
1987
1987
1963
1963
1963
1963
1963
1934
1934
1934
1934
1934
1922
1922
1922
1922
1922
1922
1901
1901
1901
1901
1901
1887
1887
1887
1887
1887
1878
1878
1878
1878
1878
1878
1874
1874
1874
1874
1874
1892
1892
1892
1892
1892
1886
1886
1886
1886
1886
1886
1895
1895
1895
1895
1895
1908
1908
1908
1908
1908
1905
1905
1905
1905
1905
1905
1944
1944
1944
1944
1944
1963
1963
1963
1963
1963
1979
1979
1979
1979
1979
1979
2006
2006
2006
2006
2006
2033
2033
2033
2033
2033
2049
2049
2049
2049
2049
2049
2080
2080
2080
2080
2080
2082
2082
2082
2082
2082
2110
2110
2110
2110
2110
2110
2131
2131
2131
2131
2131
2140
2140
2140
2140
2140
2157
2157
2157
2157
2157
2157
2167
2167
2167
2167
2167
2155
2155
2155
2155
2155
2170
2170
2170
2170
2170
2170
2144
2144
2144
2144
2144
2116
2116
2116
2116
2116
2095
2095
2095
2095
2095
2095
2064
2064
2064
2064
2064
2014
2014
2014
2014
2014
1988
1988
1988
1988
1988
1988
1961
1961
1961
1961
1961
1949
1949
1949
1949
1949
1912
1912
1912
1912
1912
1912
1897
1897
1897
1897
1897
1881
1881
1881
1881
1881
1869
1869
1869
1869
1869
1869
1856
1856
1856
1856
1856
1857
1857
1857
1857
1857
1858
1858
1858
1858
1858
1858
1859
1859
1859
1859
1859
1869
1869
1869
1869
1869
1873
1873
1873
1873
1873
1873
1892
1892
1892
1892
1892
1909
1909
1909
1909
1909
1922
1922
1922
1922
1922
1922
1943
1943
1943
1943
1943
1965
1965
1965
1965
1965
1987
1987
1987
1987
1987
1987
1994
1994
1994
1994
1994
2013
2013
2013
2013
2013
2017
2017
2017
2017
2017
2017
2029
2029
2029
2029
2029
2032
2032
2032
2032
2032
2037
2037
2037
2037
2037
2037
2033
2033
2033
2033
2033
2041
2041
2041
2041
2041
2033
2033
2033
2033
2033
2033
2012
2012
2012
2012
2012
2006
2006
2006
2006
2006
1994
1994
1994
1994
1994
1994
1990
1990
1990
1990
1990
1968
1968
1968
1968
1968
1958
1958
1958
1958
1958
1958
1965
1965
1965
1965
1965
1948
1948
1948
1948
1948
1927
1927
1927
1927
1927
1927
1920
1920
1920
1920
1920
1903
1903
1903
1903
1903
1911
1911
1911
1911
1911
1911
1906
1906
1906
1906
1906
1899
1899
1899
1899
1899
1894
1894
1894
1894
1894
1894
1892
1892
1892
1892
1892
1897