2220
2220
2188
2188
2188
2188
2188
2216
2216
2216
2216
2216
2250
2250
2250
2250
2250
2250
2213
2213
2213
2213
2213
2219
2219
2219
2219
2219
2231
2231
2231
2231
2231
2231
2228
2228
2228
2228
2228
2229
2229
2229
2229
2229
2231
2231
2231
2231
2231
2231
2236
2236
2236
2236
2236
2205
2205
2205
2205
2205
2237
2237
2237
2237
2237
2237
2201
2201
2201
2201
2201
2197
2197
2197
2197
2197
2205
2205
2205
2205
2205
2205
2201
2201
2201
2201
2201
2200
2200
2200
2200
2200
2246
2246
2246
2246
2246
2246
2238
2238
2238
2238
2238
2240
2240
2240
2240
2240
2254
2254
2254
2254
2254
2254
2210
2210
2210
2210
2210
2229
2229
2229
2229
2229
2194
2194
2194
2194
2194
2194
2213
2213
2213
2213
2213
2202
2202
2202
2202
2202
2229
2229
2229
2229
2229
2229
2203
2203
2203
2203
2203
2204
2204
2204
2204
2204
2212
2212
2212
2212
2212
2212
2208
2208
2208
2208
2208
2230
2230
2230
2230
2230
2203
2203
2203
2203
2203
2203
2228
2228
2228
2228
2228
2216
2216
2216
2216
2216
2211
2211
2211
2211
2211
2211
2254
2254
2254
2254
2254
2164
2164
2164
2164
2164
2216
2216
2216
2216
2216
2216
2202
2202
2202
2202
2202
2236
2236
2236
2236
2236
2255
2255
2255
2255
2255
2255
2216
2216
2216
2216
2216
2223
2223
2223
2223
2223
2206
2206
2206
2206
2206
2206
2210
2210
2210
2210
2210
2199
2199
2199
2199
2199
2225
2225
2225
2225
2225
2225
2213
2213
2213
2213
2213
2205
2205
2205
2205
2205
2188
2188
2188
2188
2188
2188
2209
2209
2209
2209
2209
2212
2212
2212
2212
2212
2239
2239
2239
2239
2239
2239
2251
2251
2251
2251
2251
2249
2249
2249
2249
2249
2253
2253
2253
2253
2253
2253
2215
2215
2215
2215
2215
2187
2187
2187
2187
2187
2208
2208
2208
2208
2208
2208
2186
2186
2186
2186
2186
2228
2228
2228
2228
2228
2236
2236
2236
2236
2236
2236
2240
2240
2240
2240
2240
2235
2235
2235
2235
2235
2206
2206
2206
2206
2206
2206
2250
2250
2250
2250
2250
2222
2222
2222
2222
2222
2208
2208
2208
2208
2208
2208
2246
2246
2246
2246
2246
2219
2219
2219
2219
2219
2181
2181
2181
2181
2181
2181
2227
2227
2227
2227
2227
2184
2184
2184
2184
2184
2209
2209
2209
2209
2209
2209
2203
2203
2203
2203
2203
2200
2200
2200
2200
2200
2257
2257
2257
2257
2257
2257
2257
2257
2257
2257
2257
2226
2226
2226
2226
2226
2265
2265
2265
2265
2265
2265
2243
2243
2243
2243
2243
2212
2212
2212
2212
2212
2245
2245
2245
2245
2245
2245
2192
2192
2192
2192
2192
2184
2184
2184
2184
2184
2246
2246
2246
2246
2246
2246
2231
2231
2231
2231
2231
2221
2221
2221
2221
2221
2232
2232
2232
2232
2232
2232
2224
2224
2224
2224
2224
2254
2254
2254
2254
2254
2241
2241
2241
2241
2241
2241
2237
2237
2237
2237
2237
2258
2258
2258
2258
2258
2228
2228
2228
2228
2228
2228
2246
2246
2246
2246
2246
2239
2239
2239
2239
2239
2222
2222
2222
2222
2222
2222
2226
2226
2226
2226
2226
2234
2234
2234
2234
2234
2214
2214
2214
2214
2214
2214
2253
2253
2253
2253
2253
2253
2253
2253
2253
2253
2226
2226
2226
2226
2226
2226
2230
2230
2230
2230
2230
2243
2243
2243
2243
2243
2255
2255
2255
2255
2255
2255
2249
2249
2249
2249
2249
2210
2210
2210
2210
2210
2261
2261
2261
2261
2261
2261
2209
2209
2209
2209
2209
2211
2211
2211
2211
2211
2248
2248
2248
2248
2248
2248
2238
2238
2238
2238
2238
2259
2259
2259
2259
2259
2214
2214
2214
2214
2214
2214
2201
2201
2201
2201
2201
2232
2232
2232
2232
2232
2263
2263
2263
2263
2263
2263
2232
2232
2232
2232
2232
2206
2206
2206
2206
2206
2242
2242
2242
2242
2242
2242
2248
2248
2248
2248
2248
2231
2231
2231
2231
2231
2221
2221
2221
2221
2221
2221
2237
2237
2237
2237
2237
2220
2220
2220
2220
2220
2234
2234
2234
2234
2234
2234
2225
2225
2225
2225
2225
2225
2225
2225
2225
2225
2219
2219
2219
2219
2219
2219
2218
2218
2218
2218
2218
2211
2211
2211
2211
2211
2244
2244
2244
2244
2244
2244
2271
2271
2271
2271
2271
2211
2211
2211
2211
2211
2236
2236
2236
2236
2236
2236
2235
2235
2235
2235
2235
2216
2216
2216
2216
2216
2221
2221
2221
2221
2221
2221
2230
2230
2230
2230
2230
2258
2258
2258
2258
2258
2231
2231
2231
2231
2231
2231
2229
2229
2229
2229
2229
2227
2227
2227
2227
2227
2225
2225
2225
2225
2225
2225
2231
2231
2231
2231
2231
2262
2262
2262
2262
2262
2218
2218
2218
2218
2218
2218
2208
2208
2208
2208
2208
2209
2209
2209
2209
2209
2208
2208
2208
2208
2208
2208
2207
2207
2207
2207
2207
2243
2243
2243
2243
2243
2218
2218
2218
2218
2218
2218
2219
2219
2219
2219
2219
2224
2224
2224
2224
2224
2225
2225
2225
2225
2225
2225
2206
2206
2206
2206
2206
2213
2213
2213
2213
2213
2230
2230
2230
2230
2230
2230
2199
2199
2199
2199
2199
2221
2221
2221
2221
2221
2216
2216
2216
2216
2216
2216
2210
2210
2210
2210
2210
2194
2194
2194
2194
2194
2194
2194
2194
2194
2194
2194
2222
2222
2222
2222
2222
2259
2259
2259
2259
2259
2209
2209
2209
2209
2209
2209
2222
2222
2222
2222
2222
2222
2222
2222
2222
2222
2205
2205
2205
2205
2205
2205
2224
2224
2224
2224
2224
2204
2204
2204
2204
2204
2206
2206
2206
2206
2206
2206
2225
2225
2225
2225
2225
2213
2213
2213
2213
2213
2213
2213
2213
2213
2213
2213
2224
2224
2224
2224
2224
2225
2225
2225
2225
2225
2205
2205
2205
2205
2205
2205
2234
2234
2234
2234
2234
2231
2231
2231
2231
2231
2238
2238
2238
2238
2238
2238
2192
2192
2192
2192
2192
2268
2268
2268
2268
2268
2187
2187
2187
2187
2187
2187
2262
2262
2262
2262
2262
2219
2219
2219
2219
2219
2226
2226
2226
2226
2226
2226
2235
2235
2235
2235
2235
2212
2212
2212
2212
2212
2250
2250
2250
2250
2250
2250
2194
2194
2194
2194
2194
2170
2170
2170
2170
2170
2212
2212
2212
2212
2212
2212
2198
2198
2198
2198
2198
2227
2227
2227
2227
2227
2184
2184
2184
2184
2184
2184
2247
2247
2247
2247
2247
2211
2211
2211
2211
2211
2201
2201
2201
2201
2201
2201
2177
2177
2177
2177
2177
2224
2224
2224
2224
2224
2222
2222
2222
2222
2222
2222
2226
2226
2226
2226
2226
2237
2237
2237
2237
2237
2163
2163
2163
2163
2163
2163
2213
2213
2213
2213
2213
2196
2196
2196
2196
2196
2251
2251
2251
2251
2251
2251
2250
2250
2250
2250
2250
2175
2175
2175
2175
2175
2288
2288
2288
2288
2288
2288
2203
2203
2203
2203
2203
2280
2280
2280
2280
2280
2256
2256
2256
2256
2256
2256
2221
2221
2221
2221
2221
2256
2256
2256
2256
2256
2209
2209
2209
2209
2209
2209
2214
2214
2214
2214
2214
2235
2235
2235
2235
2235
2228
2228
2228
2228
2228
2228
2219
2219
2219
2219
2219
2246
2246
2246
2246
2246
2188
2188
2188
2188
2188
2188
2267
2267
2267
2267
2267
2242
2242
2242
2242
2242
2216
2216
2216
2216
2216
2216
2258
2258
2258
2258
2258
2166
2166
2166
2166
2166
2271
2271
2271
2271
2271
2271
2215
2215
2215
2215
2215
2262
2262
2262
2262
2262
2267
2267
2267
2267
2267
2267
2249
2249
2249
2249
2249
2229
2229
2229
2229
2229
2233
2233
2233
2233
2233
2233
2256
2256
2256
2256
2256
2185
2185
2185
2185
2185
2251
2251
2251
2251
2251
2251
2197
2197
2197
2197
2197
2248
2248
2248
2248
2248
2235
2235
2235
2235
2235
2235
2179
2179
2179
2179
2179
2255
2255
2255
2255
2255
2219
2219
2219
2219
2219
2219
2264
2264
2264
2264
2264
2194
2194
2194
2194
2194
2251
2251
2251
2251
2251
2251
2236
2236
2236
2236
2236
2226
2226
2226
2226
2226
2263
2263
2263
2263
2263
2263
2230
2230
2230
2230
2230
2289
2289
2289
2289
2289
2207
2207
2207
2207
2207
2207
2262
2262
2262
2262
2262
2255
2255
2255
2255
2255
2260
2260
2260
2260
2260
2260
2210
2210
2210
2210
2210
2286
2286
2286
2286
2286
2269
2269
2269
2269
2269
2269
2230
2230
2230
2230
2230
2243
2243
2243
2243
2243
2216
2216
2216
2216
2216
2216
2291
2291
2291
2291
2291
2215
2215
2215
2215
2215
2294
2294
2294
2294
2294
2294
2225
2225
2225
2225
2225
2293
2293
2293
2293
2293
2265
2265
2265
2265
2265
2265
2252
2252
2252
2252
2252
2282
2282
2282
2282
2282
2306
2306
2306
2306
2306
2306
2334
2334
2334
2334
2334
2248
2248
2248
2248
2248
2317
2317
2317
2317
2317
2317
2236
2236
2236
2236
2236
2286
2286
2286
2286
2286
2269
2269
2269
2269
2269
2269
2253
2253
2253
2253
2253
2328
2328
2328
2328
2328
2265
2265
2265
2265
2265
2265
2266
2266
2266
2266
2266
2263
2263
2263
2263
2263
2291
2291
2291
2291
2291
2291
2220
2220
2220
2220
2220
2265
2265
2265
2265
2265
2231
2231
2231
2231
2231
2231
2250
2250
2250
2250
2250
2242
2242
2242
2242
2242
2233
2233
2233
2233
2233
2233
2249
2249
2249
2249
2249
2229
2229
2229
2229
2229
2275
2275
2275
2275
2275
2275
2246
2246
2246
2246
2246
2233
2233
2233
2233
2233
2217
2217
2217
2217
2217
2217
2231
2231
2231
2231
2231
2281
2281
2281
2281
2281
2256
2256
2256
2256
2256
2256
2291
2291
2291
2291
2291
2210
2210
2210
2210
2210
2254
2254
2254
2254
2254
2254
2249
2249
2249
2249
2249
2297
2297
2297
2297
2297
2271
2271
2271
2271
2271
2271
2264
2264
2264
2264
2264
2316
2316
2316
2316
2316
2269
2269
2269
2269
2269
2269
2255
2255
2255
2255
2255
2242
2242
2242
2242
2242
2273
2273
2273
2273
2273
2273
2206
2206
2206
2206
2206
2218
2218
2218
2218
2218
2258
2258
2258
2258
2258
2258
2264
2264
2264
2264
2264
2252
2252
2252
2252
2252
2243
2243
2243
2243
2243
2243
2270
2270
2270
2270
2270
2246
2246
2246
2246
2246
2246
2246
2246
2246
2246
2246
2211
2211
2211
2211
2211
2283
2283
2283
2283
2283
2255
2255
2255
2255
2255
2255
2205
2205
2205
2205
2205
2241
2241
2241
2241
2241
2256
2256
2256
2256
2256
2256
2247
2247
2247
2247
2247
2279
2279
2279
2279
2279
2216
2216
2216
2216
2216
2216
2278
2278
2278
2278
2278
2246
2246
2246
2246
2246
2251
2251
2251
2251
2251
2251
2273
2273
2273
2273
2273
2207
2207
2207
2207
2207
2267
2267
2267
2267
2267
2267
2279
2279
2279
2279
2279
2218
2218
2218
2218
2218
2248
2248
2248
2248
2248
2248
2214
2214
2214
2214
2214
2256
2256
2256
2256
2256
2276
2276
2276
2276
2276
2276
2254
2254
2254
2254
2254
2222
2222
2222
2222
2222
2267
2267
2267
2267
2267
2267
2248
2248
2248
2248
2248
2296
2296
2296
2296
2296
2248
2248
2248
2248
2248
2248
2277
2277
2277
2277
2277
2280
2280
2280
2280
2280
2260
2260
2260
2260
2260
2260
2278
2278
2278
2278
2278
2293
2293
2293
2293
2293
2288
2288
2288
2288
2288
2288
2303
2303
2303
2303
2303
2261
2261
2261
2261
2261
2265
2265
2265
2265
2265
2265
2272
2272
2272
2272
2272
2230
2230
2230
2230
2230
2297
2297
2297
2297
2297
2297
2235
2235
2235
2235
2235
2247
2247
2247
2247
2247
2290
2290
2290
2290
2290
2290
2231
2231
2231
2231
2231
2301
2301
2301
2301
2301
2292
2292
2292
2292
2292
2292
2254
2254
2254
2254
2254
2295
2295
2295
2295
2295
2288
2288
2288
2288
2288
2288
2226
2226
2226
2226
2226
2329
2329
2329
2329
2329
2262
2262
2262
2262
2262
2262
2254
2254
2254
2254
2254
2266
2266
2266
2266
2266
2236
2236
2236
2236
2236
2236
2310
2310
2310
2310
2310
2269
2269
2269
2269
2269
2276
2276
2276
2276
2276
2276
2280
2280
2280
2280
2280
2312
2312
2312
2312
2312
2281
2281
2281
2281
2281
2281
2304
2304
2304
2304
2304
2305
2305
2305
2305
2305
2292
2292
2292
2292
2292
2292
2296
2296
2296
2296
2296
2272
2272
2272
2272
2272
2259
2259
2259
2259
2259
2259
2224
2224
2224
2224
2224
2229
2229
2229
2229
2229
2209
2209
2209
2209
2209
2209
2124
2124
2124
2124
2124
2161
2161
2161
2161
2161
2107
2107
2107
2107
2107
2107
2156
2156
2156
2156
2156
2135
2135
2135
2135
2135
2077
2077
2077
2077
2077
2077
2094
2094
2094
2094
2094
2070
2070
2070
2070
2070
2029
2029
2029
2029
2029
2029
2078
2078
2078
2078
2078
2054
2054
2054
2054
2054
2020
2020
2020
2020
2020
2020
2093
2093
2093
2093
2093
2134
2134
2134
2134
2134
2092
2092
2092
2092
2092
2092
2111
2111
2111
2111
2111
2121
2121
2121
2121
2121
2141
2141
2141
2141
2141
2141
2119
2119
2119
2119
2119
2093
2093
2093
2093
2093
2048
2048
2048
2048
2048
2048
1948
1948
1948
1948
1948
1928
1928
1928
1928
1928
1838
1838
1838
1838
1838
1838
1798
1798
1798
1798
1798
1782
1782
1782
1782
1782
1778
1778
1778
1778
1778
1778
1756
1756
1756
1756
1756
1793
1793
1793
1793
1793
1782
1782
1782
1782
1782
1782
1819
1819
1819
1819
1819
1786
1786
1786
1786
1786
1751
1751
1751
1751
1751
1751
1758
1758
1758
1758
1758
1647
1647
1647
1647
1647
1662
1662
1662
1662
1662
1662
1638
1638
1638
1638
1638
1665
1665
1665
1665
1665
1763
1763
1763
1763
1763
1763
1877
1877
1877
1877
1877
2050
2050
2050
2050
2050
2191
2191
2191
2191
2191
2191
2395
2395
2395
2395
2395
2547
2547
2547
2547
2547
2684
2684
2684
2684
2684
2684
2749
2749
2749
2749
2749
2723
2723
2723
2723
2723
2587
2587
2587
2587
2587
2587
2388
2388
2388
2388
2388
2222
2222
2222
2222
2222
2011
2011
2011
2011
2011
2011
1825
1825
1825
1825
1825
1724
1724
1724
1724
1724
1713
1713
1713
1713
1713
1713
1749
1749
1749
1749
1749
2015
2015
2015
2015
2015
2302
2302
2302
2302
2302
2302
2728
2728
2728
2728
2728
3170
3170
3170
3170
3170
3508
3508
3508
3508
3508
3508
3803
3803
3803
3803
3803
3887
3887
3887
3887
3887
3793
3793
3793
3793
3793
3793
3494
3494
3494
3494
3494
3013
3013
3013
3013
3013
2471
2471
2471
2471
2471
2471
1868
1868
1868
1868
1868
1352
1352
1352
1352
1352
1029
1029
1029
1029
1029
1029
810
810
810
810
810
773
773
773
773
773
823
823
823
823
823
823
966
966
966
966
966
1196
1196
1196
1196
1196
1475
1475
1475
1475
1475
1475
1778
1778
1778
1778
1778
1952
1952
1952
1952
1952
2231
2231
2231
2231
2231
2231
2294
2294
2294
2294
2294
2387
2387
2387
2387
2387
2418
2418
2418
2418
2418
2418
2436
2436
2436
2436
2436
2373
2373
2373
2373
2373
2330
2330
2330
2330
2330
2330
2292
2292
2292
2292
2292
2305
2305
2305
2305
2305
2352
2352
2352
2352
2352
2352
2473
2473
2473
2473
2473
2666
2666
2666
2666
2666
2936
2936
2936
2936
2936
2936
3361
3361
3361
3361
3361
3838
3838
3838
3838
3838
4069
4069
4069
4069
4069
4069
4095
4095
4095
4095
4095
4095
4095
4095
4095
4095
4095
4095
4095
4095
4095
4095
4095
4095
4095
4095
4095
4095
4095
4095
4095
4095
4095
4095
4095
4095
4095
4095
4095
4095
4095
4095
4095
4095
4095
4095
4095
4095
4095
4095
4095
4095
4095
4095
4095
4095
4095
4095
4095
4095
4095
4095
4095
4095
4095
4095
4095
4095
4095
4095
4095
4095
4095
4095
4095
4095
4095
4095
4095
4095
4095
4095
4095
4095
4095
4095
4095
4095
4095
4095
4095
4092
4092
4092
4092
4092
4069
4069
4069
4069
4069
4069
3922
3922
3922
3922
3922
3444
3444
3444
3444
3444
2999
2999
2999
2999
2999
2999
2714
2714
2714
2714
2714
2462
2462
2462
2462
2462
2298
2298
2298
2298
2298
2298
2178
2178
2178
2178
2178
2029
2029
2029
2029
2029
1805
1805
1805
1805
1805
1805
1592
1592
1592
1592
1592
1242
1242
1242
1242
1242
852
852
852
852
852
852
537
537
537
537
537
243
243
243
243
243
136
136
136
136
136
136
75
75
75
75
75
45
45
45
45
45
23
23
23
23
23
23
10
10
10
10
10
12
12
12
12
12
23
23
23
23
23
23
12
12
12
12
12
20
20
20
20
20
12
12
12
12
12
12
0
0
0
0
0
0
0
0
0
0
0
0
0
0
0
0
0
0
0
0
0
0
0
0
0
0
0
0
0
0
0
0
0
0
0
0
0
0
0
0
0
0
0
0
0
0
0
0
8
8
8
8
8
45
45
45
45
45
90
90
90
90
90
90
156
156
156
156
156
311
311
311
311
311
584
584
584
584
584
584
1004
1004
1004
1004
1004
1587
1587
1587
1587
1587
2205
2205
2205
2205
2205
2205
2973
2973
2973
2973
2973
3796
3796
3796
3796
3796
4080
4080
4080
4080
4080
4080
4095
4095
4095
4095
4095
4095
4095
4095
4095
4095
4095
4095
4095
4095
4095
4095
4095
4095
4095
4095
4095
4095
4095
4095
4095
4095
4095
4095
4095
4095
4095
4095
4095
4095
4095
4095
4095
4095
4095
4095
4095
4095
4095
4095
4095
4095
4095
4095
4095
4095
4095
4095
4095
4095
4095
4095
4095
4095
4095
4095
4095
4095
4095
4095
4095
4095
4095
4095
4095
4095
4095
4095
4095
4095
4055
4055
4055
4055
4055
4055
3472
3472
3472
3472
3472
2525
2525
2525
2525
2525
1618
1618
1618
1618
1618
1618
761
761
761
761
761
229
229
229
229
229
34
34
34
34
34
34
0
0
0
0
0
0
0
0
0
0
0
0
0
0
0
0
0
0
0
0
0
0
0
0
0
0
0
0
0
0
0
0
0
0
0
0
0
0
0
0
0
0
0
0
0
0
0
0
0
0
0
0
0
0
0
0
0
0
0
0
0
0
0
0
0
0
0
0
0
0
0
0
0
0
0
0
0
0
0
0
0
0
0
0
0
0
0
0
0
0
9
9
9
9
9
9
92
92
92
92
92
196
196
196
196
196
471
471
471
471
471
471
1028
1028
1028
1028
1028
1640
1640
1640
1640
1640
2364
2364
2364
2364
2364
2364
3156
3156
3156
3156
3156
3954
3954
3954
3954
3954
4095
4095
4095
4095
4095
4095
4095
4095
4095
4095
4095
4095
4095
4095
4095
4095
4095
4095
4095
4095
4095
4095
4095
4095
4095
4095
4095
4095
4095
4095
4095
4095
4095
4095
4095
4095
4095
4095
4095
4095
4095
4095
4095
4095
4095
4095
4095
4095
4095
4095
4095
4095
4095
4095
4095
4095
4095
4095
4095
4095
4095
4095
4095
4095
4077
4077
4077
4077
4077
4077
3872
3872
3872
3872
3872
3253
3253
3253
3253
3253
2668
2668
2668
2668
2668
2668
2179
2179
2179
2179
2179
1718
1718
1718
1718
1718
1367
1367
1367
1367
1367
1367
1047
1047
1047
1047
1047
806
806
806
806
806
580
580
580
580
580
580
415
415
415
415
415
261
261
261
261
261
147
147
147
147
147
147
85
85
85
85
85
60
60
60
60
60
31
31
31
31
31
31
9
9
9
9
9
8
8
8
8
8
20
20
20
20
20
20
40
40
40
40
40
85
85
85
85
85
204
204
204
204
204
204
349
349
349
349
349
620
620
620
620
620
982
982
982
982
982
982
1261
1261
1261
1261
1261
1539
1539
1539
1539
1539
1746
1746
1746
1746
1746
1746
1861
1861
1861
1861
1861
1913
1913
1913
1913
1913
1912
1912
1912
1912
1912
1912
1839
1839
1839
1839
1839
1762
1762
1762
1762
1762
1598
1598
1598
1598
1598
1598
1436
1436
1436
1436
1436
1242
1242
1242
1242
1242
1085
1085
1085
1085
1085
1085
854
854
854
854
854
663
663
663
663
663
526
526
526
526
526
526
424
424
424
424
424
336
336
336
336
336
287
287
287
287
287
287
266
266
266
266
266
263
263
263
263
263
275
275
275
275
275
275
315
315
315
315
315
310
310
310
310
310
366
366
366
366
366
366
438
438
438
438
438
546
546
546
546
546
705
705
705
705
705
705
975
975
975
975
975
1321
1321
1321
1321
1321
1725
1725
1725
1725
1725
1725
2202
2202
2202
2202
2202
2738
2738
2738
2738
2738
3280
3280
3280
3280
3280
3280
3779
3779
3779
3779
3779
4046
4046
4046
4046
4046
4084
4084
4084
4084
4084
4084
4095
4095
4095
4095
4095
4095
4095
4095
4095
4095
4095
4095
4095
4095
4095
4095
4095
4095
4095
4095
4095
4095
4095
4095
4095
4095
4095
4095
4095
4095
4095
4095
4095
4095
4095
4095
4095
4095
4095
4095
4095
4095
4095
4095
4095
4095
4095
4095
4092
4092
4092
4092
4092
4095
4095
4095
4095
4095
4086
4086
4086
4086
4086
4086
4055
4055
4055
4055
4055
3921
3921
3921
3921
3921
3581
3581
3581
3581
3581
3581
3259
3259
3259
3259
3259
2985
2985
2985
2985
2985
2736
2736
2736
2736
2736
2736
2527
2527
2527
2527
2527
2363
2363
2363
2363
2363
2173
2173
2173
2173
2173
2173
2022
2022
2022
2022
2022
1921
1921
1921
1921
1921
1739
1739
1739
1739
1739
1739
1566
1566
1566
1566
1566
1402
1402
1402
1402
1402
1266
1266
1266
1266
1266
1266
1089
1089
1089
1089
1089
953
953
953
953
953
809
809
809
809
809
809
660
660
660
660
660
540
540
540
540
540
449
449
449
449
449
449
387
387
387
387
387
346
346
346
346
346
329
329
329
329
329
329
339
339
339
339
339
295
295
295
295
295
272
272
272
272
272
272
302
302
302
302
302
281
281
281
281
281
289
289
289
289
289
289
288
288
288
288
288
301
301
301
301
301
294
294
294
294
294
294
289
289
289
289
289
386
386
386
386
386
437
437
437
437
437
437
567
567
567
567
567
680
680
680
680
680
878
878
878
878
878
878
1083
1083
1083
1083
1083
1301
1301
1301
1301
1301
1506
1506
1506
1506
1506
1506
1797
1797
1797
1797
1797
2051
2051
2051
2051
2051
2287
2287
2287
2287
2287
2287
2558
2558
2558
2558
2558
2750
2750
2750
2750
2750
2950
2950
2950
2950
2950
2950
3173
3173
3173
3173
3173
3355
3355
3355
3355
3355
3564
3564
3564
3564
3564
3564
3703
3703
3703
3703
3703
3878
3878
3878
3878
3878
4005
4005
4005
4005
4005
4005
4044
4044
4044
4044
4044
4068
4068
4068
4068
4068
4070
4070
4070
4070
4070
4070
4078
4078
4078
4078
4078
4089
4089
4089
4089
4089
4068
4068
4068
4068
4068
4068
4075
4075
4075
4075
4075
4049
4049
4049
4049
4049
3958
3958
3958
3958
3958
3958
3798
3798
3798
3798
3798
3499
3499
3499
3499
3499
3221
3221
3221
3221
3221
3221
2954
2954
2954
2954
2954
2672
2672
2672
2672
2672
2411
2411
2411
2411
2411
2411
2202
2202
2202
2202
2202
2017
2017
2017
2017
2017
1864
1864
1864
1864
1864
1864
1729
1729
1729
1729
1729
1590
1590
1590
1590
1590
1495
1495
1495
1495
1495
1495
1320
1320
1320
1320
1320
1198
1198
1198
1198
1198
1053
1053
1053
1053
1053
1053
869
869
869
869
869
754
754
754
754
754
583
583
583
583
583
583
467
467
467
467
467
385
385
385
385
385
313
313
313
313
313
313
276
276
276
276
276
255
255
255
255
255
234
234
234
234
234
234
240
240
240
240
240
226
226
226
226
226
233
233
233
233
233
233
242
242
242
242
242
261
261
261
261
261
293
293
293
293
293
293
368
368
368
368
368
412
412
412
412
412
569
569
569
569
569
569
749
749
749
749
749
941
941
941
941
941
1263
1263
1263
1263
1263
1263
1566
1566
1566
1566
1566
1964
1964
1964
1964
1964
2396
2396
2396
2396
2396
2396
2783
2783
2783
2783
2783
3243
3243
3243
3243
3243
3618
3618
3618
3618
3618
3618
3933
3933
3933
3933
3933
4013
4013
4013
4013
4013
4075
4075
4075
4075
4075
4075
4088
4088
4088
4088
4088
4089
4089
4089
4089
4089
4091
4091
4091
4091
4091
4091
4085
4085
4085
4085
4085
4084
4084
4084
4084
4084
4050
4050
4050
4050
4050
4050
4021
4021
4021
4021
4021
3774
3774
3774
3774
3774
3460
3460
3460
3460
3460
3460
3073
3073
3073
3073
3073
2601
2601
2601
2601
2601
2151
2151
2151
2151
2151
2151
1622
1622
1622
1622
1622
1145
1145
1145
1145
1145
771
771
771
771
771
771
469
469
469
469
469
278
278
278
278
278
169
169
169
169
169
169
113
113
113
113
113
84
84
84
84
84
63
63
63
63
63
63
69
69
69
69
69
90
90
90
90
90
142
142
142
142
142
142
159
159
159
159
159
229
229
229
229
229
312
312
312
312
312
312
506
506
506
506
506
711
711
711
711
711
1017
1017
1017
1017
1017
1017
1329
1329
1329
1329
1329
1671
1671
1671
1671
1671
2073
2073
2073
2073
2073
2073
2332
2332
2332
2332
2332
2661
2661
2661
2661
2661
2897
2897
2897
2897
2897
2897
3038
3038
3038
3038
3038
3182
3182
3182
3182
3182
3102
3102
3102
3102
3102
3102
3224
3224
3224
3224
3224
3095
3095
3095
3095
3095
3009
3009
3009
3009
3009
3009
2969
2969
2969
2969
2969
2842
2842
2842
2842
2842
2613
2613
2613
2613
2613
2613
2593
2593
2593
2593
2593
2401
2401
2401
2401
2401
2255
2255
2255
2255
2255
2255
2079
2079
2079
2079
2079
1871
1871
1871
1871
1871
1747
1747
1747
1747
1747
1747
1606
1606
1606
1606
1606
1518
1518
1518
1518
1518
1432
1432
1432
1432
1432
1432
1388
1388
1388
1388
1388
1456
1456
1456
1456
1456
1423
1423
1423
1423
1423
1423
1512
1512
1512
1512
1512
1518
1518
1518
1518
1518
1565
1565
1565
1565
1565
1565
1560
1560
1560
1560
1560
1626
1626
1626
1626
1626
1642
1642
1642
1642
1642
1642
1663
1663
1663
1663
1663
1706
1706
1706
1706
1706
1742
1742
1742
1742
1742
1742
1797
1797
1797
1797
1797
1866
1866
1866
1866
1866
1914
1914
1914
1914
1914
1914
1854
1854
1854
1854
1854
1893
1893
1893
1893
1893
1838
1838
1838
1838
1838
1838
1771
1771
1771
1771
1771
1698
1698
1698
1698
1698
1570
1570
1570
1570
1570
1570
1541
1541
1541
1541
1541
1476
1476
1476
1476
1476
1445
1445
1445
1445
1445
1445
1422
1422
1422
1422
1422
1528
1528
1528
1528
1528
1570
1570
1570
1570
1570
1570
1635
1635
1635
1635
1635
1702
1702
1702
1702
1702
1745
1745
1745
1745
1745
1745
1772
1772
1772
1772
1772
1763
1763
1763
1763
1763
1771
1771
1771
1771
1771
1771
1772
1772
1772
1772
1772
1808
1808
1808
1808
1808
1807
1807
1807
1807
1807
1807
1883
1883
1883
1883
1883
1984
1984
1984
1984
1984
2083
2083
2083
2083
2083
2083
2194
2194
2194
2194
2194
2217
2217
2217
2217
2217
2327
2327
2327
2327
2327
2327
2387
2387
2387
2387
2387
2402
2402
2402
2402
2402
2385
2385
2385
2385
2385
2385
2344
2344
2344
2344
2344
2265
2265
2265
2265
2265
2175
2175
2175
2175
2175
2175
2155
2155
2155
2155
2155
2016
2016
2016
2016
2016
1988
1988
1988
1988
1988
1988
1824
1824
1824
1824
1824
1743
1743
1743
1743
1743
1688
1688
1688
1688
1688
1688
1586
1586
1586
1586
1586
1504
1504
1504
1504
1504
1399
1399
1399
1399
1399
1399
1314
1314
1314
1314
1314
1279
1279
1279
1279
1279
1246
1246
1246
1246
1246
1246
1221
1221
1221
1221
1221
1242
1242
1242
1242
1242
1254
1254
1254
1254
1254
1254
1340
1340
1340
1340
1340
1378
1378
1378
1378
1378
1441
1441
1441
1441
1441
1441
1523
1523
1523
1523
1523
1603
1603
1603
1603
1603
1655
1655
1655
1655
1655
1655
1804
1804
1804
1804
1804
1886
1886
1886
1886
1886
2039
2039
2039
2039
2039
2039
2119
2119
2119
2119
2119
2244
2244
2244
2244
2244
2323
2323
2323
2323
2323
2323
2420
2420
2420
2420
2420
2484
2484
2484
2484
2484
2543
2543
2543
2543
2543
2543
2543
2543
2543
2543
2543
2532
2532
2532
2532
2532
2471
2471
2471
2471
2471
2471
2386
2386
2386
2386
2386
2267
2267
2267
2267
2267
2183
2183
2183
2183
2183
2183
2079
2079
2079
2079
2079
1972
1972
1972
1972
1972
1900
1900
1900
1900
1900
1900
1839
1839
1839
1839
1839
1740
1740
1740
1740
1740
1666
1666
1666
1666
1666
1666
1642
1642
1642
1642
1642
1558
1558
1558
1558
1558
1500
1500
1500
1500
1500
1500
1439
1439
1439
1439